5265.82049 16.978 0.013
5266.80405 16.991 0.013
5267.79485 17.061 0.014
5268.83428 17.161 0.014
5269.78049 17.257 0.015
5270.76957 17.147 0.015
5271.85192 16.960 0.013
5272.76584 17.092 0.017
5273.82484 16.919 0.012
5274.79060 16.917 0.013
5275.83746 16.954 0.014
5276.77221 16.926 0.013
5276.89968 17.220 0.014
5277.80858 17.010 0.016
5278.78021 17.044 0.016
5279.78787 17.174 0.020
5280.87128 17.009 0.012
5281.77437 17.160 0.015
5281.90917 16.905 0.011
5282.78682 17.078 0.014
5283.73756 17.134 0.020
5284.89001 16.959 0.014
5285.73894 16.955 0.017
5286.74333 16.920 0.014
5287.75247 16.891 0.013
5288.72900 16.919 0.014
5292.79663 17.064 0.013
5293.80741 16.980 0.013
5295.83107 16.917 0.011
5297.90646 17.150 0.013
5300.84807 17.225 0.014
5304.75709 17.121 0.016
5307.75686 16.903 0.013
5309.82898 17.148 0.014
5311.91652 16.954 0.014
5313.93265 16.905 0.020
5315.80644 16.948 0.014
5320.93426 17.052 0.020
5324.72517 17.203 0.016
5325.83475 16.891 0.013
5327.64996 17.151 0.013
5328.83780 16.945 0.012
5335.74126 17.255 0.016
5337.84249 16.901 0.014
5339.88736 17.142 0.027
5341.69254 16.907 0.013
5342.78538 17.106 0.019
5343.81390 17.138 0.021
5349.59730 17.146 0.018
5351.92125 17.172 0.023
5354.76171 17.134 0.015
5358.70212 17.152 0.014
5364.57432 16.998 0.013
5369.84450 16.914 0.018
5379.57900 16.965 0.013
5381.68045 17.078 0.016
5386.76211 17.195 0.013
5390.53254 16.903 0.014
5393.68379 16.952 0.014
5402.52422 16.971 0.020
5402.66426 17.140 0.020
5403.70450 16.966 0.013
5407.64428 16.925 0.016
5410.77111 17.120 0.018
5416.65394 16.938 0.014
5426.69780 16.909 0.017
5435.63971 17.120 0.016
5444.56040 16.988 0.014
5449.63492 16.912 0.014
5458.49797 17.137 0.017
5467.52773 17.039 0.013
5473.59014 16.920 0.016
5483.52908 16.957 0.023
5485.51771 16.922 0.017
5495.51732 16.919 0.016
5601.85022 16.929 0.014
5604.85158 16.940 0.016
5605.84767 17.036 0.013
5606.84686 17.107 0.014
5607.85079 17.191 0.016
5608.83490 17.118 0.020
5611.83665 16.964 0.017
5612.84557 16.887 0.013
5613.85401 16.892 0.018
5615.83593 16.963 0.012
5616.83162 17.085 0.020
5621.82340 16.910 0.013
5622.77895 17.113 0.014
5624.76777 16.960 0.012
5626.82663 16.938 0.014
5628.76731 16.948 0.017
5629.76321 17.004 0.014
5631.78940 17.232 0.020
5632.85726 16.928 0.011
5633.75557 17.176 0.013
5634.90801 16.953 0.016
5635.78517 16.933 0.015
5637.76320 16.909 0.017
5638.89638 17.248 0.014
5639.76318 16.956 0.014
5641.80425 17.147 0.014
5647.74329 16.905 0.012
5648.88967 17.130 0.014
5653.78417 17.217 0.012
5657.92834 17.119 0.022
5662.80200 17.222 0.013
5667.89986 17.027 0.011
5675.71423 17.203 0.015
5679.79665 16.926 0.013
5682.78434 17.103 0.013
5686.69917 17.222 0.014
5691.84509 17.129 0.013
5694.74161 17.072 0.014
5696.93122 16.915 0.015
5702.57862 17.107 0.020
5702.75901 16.938 0.020
5706.74615 17.211 0.017
5709.58956 16.982 0.010
5715.76832 17.163 0.012
5722.71872 16.913 0.011
5725.71740 16.960 0.011
5734.81559 17.025 0.019
5737.70315 16.996 0.011
5740.53671 16.894 0.012
5742.57047 17.034 0.014
5745.61882 17.022 0.013
5748.61071 16.916 0.012
5760.47105 17.062 0.019
5764.75334 16.892 0.011
5768.70163 16.952 0.010
5777.52864 17.158 0.012
5783.61276 17.055 0.026
5784.47911 16.922 0.016
5784.61025 17.090 0.014
5785.64523 17.194 0.020
5790.47869 17.168 0.016
5794.59438 17.024 0.014
5802.52601 16.971 0.015
5807.62692 17.199 0.018
5813.58015 16.898 0.011
5818.57464 17.213 0.018
5823.58101 16.891 0.014
5828.56561 17.112 0.015
5833.49292 17.156 0.016
5840.52417 17.193 0.018
5844.57300 16.900 0.020
5852.49922 17.121 0.022
5956.87165 17.152 0.014
5958.87619 17.216 0.016
5959.86123 17.123 0.014
5960.87121 17.000 0.011
5961.85704 16.953 0.013
5962.85344 16.943 0.013
5963.84801 16.921 0.016
5964.85301 16.880 0.018
5965.86267 16.958 0.013
5966.88454 17.082 0.016
5967.86823 17.178 0.014
5968.86195 17.153 0.015
5983.88934 16.907 0.009
5989.84965 17.218 0.016
5994.85187 16.925 0.011
5998.87964 17.130 0.012
6002.76258 17.143 0.015
6002.88392 17.009 0.014
6006.88541 16.929 0.010
6009.91683 17.238 0.019
6013.80004 17.231 0.013
6016.80187 16.966 0.010
6019.79394 16.914 0.011
6021.92000 17.102 0.013
6024.84873 17.056 0.011
6032.82581 17.139 0.011
6036.85381 16.949 0.009
6040.78335 16.894 0.011
6047.91836 16.917 0.011
6050.86411 16.975 0.012
6053.90944 17.245 0.021
6057.68695 17.078 0.012
6057.84770 16.993 0.012
6061.72989 16.958 0.011
6064.71992 16.919 0.009
6066.86567 17.061 0.011
6068.91883 16.875 0.012
6070.93904 17.028 0.015
6076.60585 16.923 0.011
6078.74279 17.150 0.012
6080.71241 17.154 0.013
6085.85506 17.151 0.018
6088.64261 16.920 0.010
6093.70846 16.981 0.011
6096.79229 17.064 0.016
6099.63278 16.911 0.013
6101.74519 17.143 0.011
6103.63880 17.241 0.012
6105.57247 17.242 0.015
6113.61984 17.110 0.014
6115.56427 17.117 0.013
6117.58250 17.091 0.011
6119.52505 17.104 0.014
6121.53096 16.948 0.011
6124.58967 17.054 0.012
6126.65259 17.037 0.012
6131.65284 16.924 0.009
6135.53731 16.959 0.014
6140.57268 16.996 0.014
6147.50859 16.981 0.011
6151.48947 17.235 0.019
6157.68022 17.005 0.014
6161.51919 17.140 0.015
6167.59201 17.146 0.013
6168.63587 17.150 0.013
6175.57466 16.907 0.013
6182.53962 17.179 0.014
6190.53382 17.082 0.013
6197.55130 16.901 0.015
6205.57710 16.930 0.013
6345.84127 16.944 0.010
6353.86402 17.046 0.013
6362.81244 17.237 0.013
6370.76270 16.879 0.010
6374.88098 16.994 0.011
6378.79736 16.912 0.010
6381.86729 17.106 0.010
6387.87479 16.945 0.011
6390.85085 16.945 0.011
6395.73040 17.010 0.010
6398.72275 17.145 0.011
6401.77444 16.890 0.009
6404.74873 16.948 0.011
6408.73364 17.220 0.031
6416.92394 17.066 0.011
6419.75442 17.214 0.013
6422.76715 16.922 0.010
6426.67346 16.919 0.008
6431.80625 16.924 0.011
6433.85653 16.992 0.011
6436.62401 16.985 0.013
6441.89338 16.931 0.015
6444.93778 17.279 0.020
6447.58618 17.055 0.011
6448.89555 17.050 0.017
6450.83327 17.017 0.011
6452.83941 16.906 0.009
6456.60753 17.177 0.010
6458.76306 17.006 0.010
6460.85123 16.993 0.010
6463.63759 17.160 0.014
6468.66159 16.900 0.012
6472.82065 16.989 0.016
6473.63828 17.041 0.010
6475.57685 17.032 0.011
6477.56627 17.163 0.012
6480.59359 16.973 0.012
6484.51327 16.915 0.011
6487.50386 16.969 0.011
6498.62305 17.199 0.014
6504.68587 17.092 0.013
6508.55962 17.090 0.013
6511.48174 17.176 0.013
6516.60686 17.031 0.010
6523.68937 16.945 0.016
6531.56923 17.267 0.014
6536.62410 16.965 0.011
6545.54681 16.969 0.010
6559.49785 16.920 0.012
6565.53067 17.092 0.013
6572.52877 17.007 0.016
6576.50704 17.109 0.024
6576.50864 17.120 0.023
6576.57514 16.980 0.026
6878.55816 16.943 0.018
7233.48044 17.086 0.020
